{
 "cells": [
  {
   "cell_type": "markdown",
   "id": "44d3ac24",
   "metadata": {},
   "source": [
    "Toy NB \n",
    "\n",
    "Input : variable latente z de dimension Dz\n",
    "\n",
    "Output : \n",
    "\n",
    "moyenne mu_x de dimension Dx\n",
    "  \n",
    "covariance sigma_x (Dx, Dx) définie positive et non diagonale\n",
    "  \n",
    "Doit scaler avec batch, sequence_length :\n",
    "\n",
    "(Dz) => (Dx) + (Dx,Dx)\n",
    "\n",
    "(L,Dz) => (L,Dx) + (L,Dx,Dx)\n",
    "\n",
    "(B,L,Dz) => (B,L,Dx) + (B,L,Dx,Dx)"
   ]
  },
  {
   "cell_type": "code",
   "execution_count": 1,
   "id": "125de9fa",
   "metadata": {},
   "outputs": [],
   "source": [
    "import torch\n",
    "import torch.nn as nn\n",
    "from tqdm import tqdm\n",
    "from torch.distributions.multivariate_normal import MultivariateNormal as MVN"
   ]
  },
  {
   "cell_type": "code",
   "execution_count": 2,
   "id": "62e70f56",
   "metadata": {},
   "outputs": [],
   "source": [
    "Dz = 4\n",
    "Dx = 16\n",
    "B = 32\n",
    "N = 50"
   ]
  },
  {
   "cell_type": "code",
   "execution_count": 3,
   "id": "e68586a7",
   "metadata": {},
   "outputs": [
    {
     "name": "stdout",
     "output_type": "stream",
     "text": [
      "z shape: torch.Size([4]) => x shape: torch.Size([16])\n",
      "z shape: torch.Size([50, 4]) => x shape: torch.Size([50, 16])\n",
      "z shape: torch.Size([32, 50, 4]) => x shape: torch.Size([32, 50, 16])\n"
     ]
    }
   ],
   "source": [
    "# diagonale de la matrice de covariance : pas de souci.\n",
    "\n",
    "diagonale = nn.Linear(Dz, Dx)\n",
    "\n",
    "z = torch.randn(Dz)\n",
    "x = diagonale(z)\n",
    "print(f\"z shape: {z.shape} => x shape: {x.shape}\")\n",
    "\n",
    "z = torch.randn(N,Dz)\n",
    "x = diagonale(z)\n",
    "print(f\"z shape: {z.shape} => x shape: {x.shape}\")\n",
    "\n",
    "z = torch.randn(B,N,Dz)\n",
    "x = diagonale(z)\n",
    "print(f\"z shape: {z.shape} => x shape: {x.shape}\")\n"
   ]
  },
  {
   "cell_type": "code",
   "execution_count": 4,
   "id": "8236ff92",
   "metadata": {},
   "outputs": [],
   "source": [
    "# matric triangulaire inferieure de la matrice de covariance\n",
    "\n",
    "class TriangularLower(nn.Module):\n",
    "    def __init__(self, Dz=Dz, Dx=Dx):\n",
    "        super(TriangularLower, self).__init__()\n",
    "        self.full = nn.Sequential(\n",
    "            nn.Linear(Dz, Dx * Dx),\n",
    "            nn.Unflatten(-1, (Dx, Dx)),\n",
    "            )\n",
    "\n",
    "    def forward(self, x):\n",
    "        return torch.tril(self.full(x))\n",
    "    \n",
    "triangulaire = TriangularLower()"
   ]
  },
  {
   "cell_type": "code",
   "execution_count": 5,
   "id": "24bae077",
   "metadata": {},
   "outputs": [
    {
     "name": "stdout",
     "output_type": "stream",
     "text": [
      "z shape: torch.Size([4]) => L shape: torch.Size([16, 16])\n",
      "z shape: torch.Size([50, 4]) => L shape: torch.Size([50, 16, 16])\n",
      "z shape: torch.Size([32, 50, 4]) => L shape: torch.Size([32, 50, 16, 16])\n"
     ]
    }
   ],
   "source": [
    "z = torch.randn(Dz)\n",
    "L = triangulaire(z)\n",
    "print(f\"z shape: {z.shape} => L shape: {L.shape}\")\n",
    "\n",
    "z = torch.randn(N,Dz)\n",
    "L = triangulaire(z)\n",
    "print(f\"z shape: {z.shape} => L shape: {L.shape}\")\n",
    "\n",
    "z = torch.randn(B,N,Dz)\n",
    "L = triangulaire(z)\n",
    "print(f\"z shape: {z.shape} => L shape: {L.shape}\")"
   ]
  },
  {
   "cell_type": "code",
   "execution_count": 6,
   "id": "8e80baa8",
   "metadata": {},
   "outputs": [
    {
     "name": "stdout",
     "output_type": "stream",
     "text": [
      "tensor([[-0.7918,  0.0000,  0.0000,  0.0000,  0.0000,  0.0000,  0.0000,  0.0000,\n",
      "          0.0000,  0.0000,  0.0000,  0.0000,  0.0000,  0.0000,  0.0000,  0.0000],\n",
      "        [-0.8348, -1.2289,  0.0000,  0.0000,  0.0000,  0.0000,  0.0000,  0.0000,\n",
      "          0.0000,  0.0000,  0.0000,  0.0000,  0.0000,  0.0000,  0.0000,  0.0000],\n",
      "        [-1.0379, -1.9188,  2.2531,  0.0000,  0.0000,  0.0000,  0.0000,  0.0000,\n",
      "          0.0000,  0.0000,  0.0000,  0.0000,  0.0000,  0.0000,  0.0000,  0.0000],\n",
      "        [-0.0453,  1.0335,  1.2678,  0.0320,  0.0000,  0.0000,  0.0000,  0.0000,\n",
      "          0.0000,  0.0000,  0.0000,  0.0000,  0.0000,  0.0000,  0.0000,  0.0000],\n",
      "        [ 1.0656, -1.2755, -0.0632,  1.1836,  0.0953,  0.0000,  0.0000,  0.0000,\n",
      "          0.0000,  0.0000,  0.0000,  0.0000,  0.0000,  0.0000,  0.0000,  0.0000],\n",
      "        [ 1.6644,  0.3225, -0.1978,  1.4753, -1.9900, -0.5815,  0.0000,  0.0000,\n",
      "          0.0000,  0.0000,  0.0000,  0.0000,  0.0000,  0.0000,  0.0000,  0.0000],\n",
      "        [ 0.6872, -0.0402,  1.2055, -0.4654, -0.5653, -0.2695,  1.3166,  0.0000,\n",
      "          0.0000,  0.0000,  0.0000,  0.0000,  0.0000,  0.0000,  0.0000,  0.0000],\n",
      "        [-1.0893,  0.2905,  0.7028,  1.1720, -0.8669, -0.0527, -2.4165, -1.1215,\n",
      "          0.0000,  0.0000,  0.0000,  0.0000,  0.0000,  0.0000,  0.0000,  0.0000],\n",
      "        [ 0.3133, -0.4876,  0.7834, -0.4296,  0.2479, -1.0959,  1.1784,  1.2849,\n",
      "          1.5833,  0.0000,  0.0000,  0.0000,  0.0000,  0.0000,  0.0000,  0.0000],\n",
      "        [-1.1395,  1.6739, -1.0003, -1.8860,  0.8198,  0.2021, -0.5692,  0.1723,\n",
      "         -1.1430, -1.0960,  0.0000,  0.0000,  0.0000,  0.0000,  0.0000,  0.0000],\n",
      "        [ 0.5118,  1.0249,  1.0562, -1.1900,  0.3942, -1.5191, -1.1942, -1.3198,\n",
      "         -0.2562,  0.0505,  0.3699,  0.0000,  0.0000,  0.0000,  0.0000,  0.0000],\n",
      "        [ 0.3967, -1.9686,  0.0216, -0.1686,  0.1840, -0.2332,  0.4644,  0.6130,\n",
      "         -0.1527,  1.3329, -0.6584,  0.1552,  0.0000,  0.0000,  0.0000,  0.0000],\n",
      "        [-1.9676,  1.0276,  1.5130, -2.4737, -1.8054,  1.0575,  0.9495,  0.3476,\n",
      "         -1.6145,  0.9528,  0.0532,  0.5851, -2.1711,  0.0000,  0.0000,  0.0000],\n",
      "        [-0.3620, -1.1289,  2.3070,  1.7795, -0.2855, -1.3541,  1.7184,  0.6734,\n",
      "          0.7086,  0.1740,  1.3836,  0.7888,  0.1106,  0.1061,  0.0000,  0.0000],\n",
      "        [ 0.7311, -1.9863, -0.2945,  0.1156,  0.2451,  0.1078, -0.1013,  0.0891,\n",
      "          0.8621,  1.3762,  0.7042, -0.9919,  2.0105, -0.1699, -0.2252,  0.0000],\n",
      "        [-1.0439, -0.3042, -0.6605,  1.0730,  1.1625, -0.5118, -1.4342,  0.9803,\n",
      "         -0.0107, -1.2729, -1.2129, -1.1803, -0.6716, -0.3085,  0.3576,  0.1928]],\n",
      "       grad_fn=<SelectBackward0>)\n",
      "tensor([[-0.7918, -0.8348, -1.0379, -0.0453,  1.0656,  1.6644,  0.6872, -1.0893,\n",
      "          0.3133, -1.1395,  0.5118,  0.3967, -1.9676, -0.3620,  0.7311, -1.0439],\n",
      "        [ 0.0000, -1.2289, -1.9188,  1.0335, -1.2755,  0.3225, -0.0402,  0.2905,\n",
      "         -0.4876,  1.6739,  1.0249, -1.9686,  1.0276, -1.1289, -1.9863, -0.3042],\n",
      "        [ 0.0000,  0.0000,  2.2531,  1.2678, -0.0632, -0.1978,  1.2055,  0.7028,\n",
      "          0.7834, -1.0003,  1.0562,  0.0216,  1.5130,  2.3070, -0.2945, -0.6605],\n",
      "        [ 0.0000,  0.0000,  0.0000,  0.0320,  1.1836,  1.4753, -0.4654,  1.1720,\n",
      "         -0.4296, -1.8860, -1.1900, -0.1686, -2.4737,  1.7795,  0.1156,  1.0730],\n",
      "        [ 0.0000,  0.0000,  0.0000,  0.0000,  0.0953, -1.9900, -0.5653, -0.8669,\n",
      "          0.2479,  0.8198,  0.3942,  0.1840, -1.8054, -0.2855,  0.2451,  1.1625],\n",
      "        [ 0.0000,  0.0000,  0.0000,  0.0000,  0.0000, -0.5815, -0.2695, -0.0527,\n",
      "         -1.0959,  0.2021, -1.5191, -0.2332,  1.0575, -1.3541,  0.1078, -0.5118],\n",
      "        [ 0.0000,  0.0000,  0.0000,  0.0000,  0.0000,  0.0000,  1.3166, -2.4165,\n",
      "          1.1784, -0.5692, -1.1942,  0.4644,  0.9495,  1.7184, -0.1013, -1.4342],\n",
      "        [ 0.0000,  0.0000,  0.0000,  0.0000,  0.0000,  0.0000,  0.0000, -1.1215,\n",
      "          1.2849,  0.1723, -1.3198,  0.6130,  0.3476,  0.6734,  0.0891,  0.9803],\n",
      "        [ 0.0000,  0.0000,  0.0000,  0.0000,  0.0000,  0.0000,  0.0000,  0.0000,\n",
      "          1.5833, -1.1430, -0.2562, -0.1527, -1.6145,  0.7086,  0.8621, -0.0107],\n",
      "        [ 0.0000,  0.0000,  0.0000,  0.0000,  0.0000,  0.0000,  0.0000,  0.0000,\n",
      "          0.0000, -1.0960,  0.0505,  1.3329,  0.9528,  0.1740,  1.3762, -1.2729],\n",
      "        [ 0.0000,  0.0000,  0.0000,  0.0000,  0.0000,  0.0000,  0.0000,  0.0000,\n",
      "          0.0000,  0.0000,  0.3699, -0.6584,  0.0532,  1.3836,  0.7042, -1.2129],\n",
      "        [ 0.0000,  0.0000,  0.0000,  0.0000,  0.0000,  0.0000,  0.0000,  0.0000,\n",
      "          0.0000,  0.0000,  0.0000,  0.1552,  0.5851,  0.7888, -0.9919, -1.1803],\n",
      "        [ 0.0000,  0.0000,  0.0000,  0.0000,  0.0000,  0.0000,  0.0000,  0.0000,\n",
      "          0.0000,  0.0000,  0.0000,  0.0000, -2.1711,  0.1106,  2.0105, -0.6716],\n",
      "        [ 0.0000,  0.0000,  0.0000,  0.0000,  0.0000,  0.0000,  0.0000,  0.0000,\n",
      "          0.0000,  0.0000,  0.0000,  0.0000,  0.0000,  0.1061, -0.1699, -0.3085],\n",
      "        [ 0.0000,  0.0000,  0.0000,  0.0000,  0.0000,  0.0000,  0.0000,  0.0000,\n",
      "          0.0000,  0.0000,  0.0000,  0.0000,  0.0000,  0.0000, -0.2252,  0.3576],\n",
      "        [ 0.0000,  0.0000,  0.0000,  0.0000,  0.0000,  0.0000,  0.0000,  0.0000,\n",
      "          0.0000,  0.0000,  0.0000,  0.0000,  0.0000,  0.0000,  0.0000,  0.1928]],\n",
      "       grad_fn=<SelectBackward0>)\n"
     ]
    }
   ],
   "source": [
    "print(L[4, 3])\n",
    "print(L.transpose(-1, -2)[4, 3])"
   ]
  },
  {
   "cell_type": "code",
   "execution_count": 7,
   "id": "5878b6ff",
   "metadata": {},
   "outputs": [],
   "source": [
    "class CovarianceMatrix(nn.Module):\n",
    "    def __init__(self, Dz=Dz, Dx=Dx):\n",
    "        super(CovarianceMatrix, self).__init__()\n",
    "        self.diagonale = nn.Linear(Dz, Dx)\n",
    "        self.full = nn.Sequential(\n",
    "            nn.Linear(Dz, Dx * Dx),\n",
    "            nn.Unflatten(-1, (Dx, Dx)),\n",
    "            )\n",
    "\n",
    "    def forward(self, z):\n",
    "        D = torch.diag_embed(torch.exp(self.diagonale(z)))  # Diagonal elements > 0\n",
    "        T = torch.tril(self.full(z), diagonal=-1)  # Lower triangular matrix without diagonal\n",
    "        L = D + T\n",
    "        C = torch.einsum('...ij,...jk->...ik', L, L.transpose(-1, -2))\n",
    "        return C\n",
    "    \n",
    "covariance_matrix = CovarianceMatrix()"
   ]
  },
  {
   "cell_type": "code",
   "execution_count": 8,
   "id": "27ef2abd",
   "metadata": {},
   "outputs": [
    {
     "name": "stdout",
     "output_type": "stream",
     "text": [
      "z shape: torch.Size([4]) => C shape: torch.Size([16, 16])\n",
      "z shape: torch.Size([50, 4]) => C shape: torch.Size([50, 16, 16])\n",
      "z shape: torch.Size([32, 50, 4]) => C shape: torch.Size([32, 50, 16, 16])\n"
     ]
    }
   ],
   "source": [
    "z = torch.randn(Dz)\n",
    "C = covariance_matrix(z)\n",
    "print(f\"z shape: {z.shape} => C shape: {C.shape}\")\n",
    "\n",
    "z = torch.randn(N,Dz)\n",
    "C = covariance_matrix(z)\n",
    "print(f\"z shape: {z.shape} => C shape: {C.shape}\")\n",
    "\n",
    "z = torch.randn(B,N,Dz)\n",
    "C = covariance_matrix(z)\n",
    "print(f\"z shape: {z.shape} => C shape: {C.shape}\")"
   ]
  },
  {
   "cell_type": "code",
   "execution_count": 9,
   "id": "06cb51a0",
   "metadata": {},
   "outputs": [
    {
     "name": "stdout",
     "output_type": "stream",
     "text": [
      "tensor([[ 3.9435e+00,  7.7925e-01, -1.9096e+00,  1.6269e+00, -2.5272e-01,\n",
      "         -1.6761e+00,  1.5084e+00, -1.3799e+00, -5.7419e-01, -4.3216e-02,\n",
      "          1.6997e+00,  2.5782e+00, -2.3575e-01,  1.2093e-01,  8.5835e-02,\n",
      "         -1.4866e+00],\n",
      "        [ 7.7925e-01,  8.6263e+00, -2.6181e-01, -1.3465e+00,  8.4034e-01,\n",
      "          1.5706e+00,  1.5629e+00, -3.5443e+00,  3.2278e+00,  2.9954e+00,\n",
      "          3.1033e-01,  2.8698e+00, -8.4483e-01,  2.0412e+00,  5.1449e-01,\n",
      "          6.2226e-01],\n",
      "        [-1.9096e+00, -2.6181e-01,  9.2772e+00, -1.3081e+00,  1.2961e-02,\n",
      "          1.3979e+00,  7.5842e-01,  2.6656e+00, -2.4583e-01,  8.6481e-01,\n",
      "         -7.9920e-01, -1.7183e+00,  4.2322e-01,  3.0312e+00, -1.4723e+00,\n",
      "          7.3420e-01],\n",
      "        [ 1.6269e+00, -1.3465e+00, -1.3081e+00,  4.3061e+00, -1.0930e+00,\n",
      "         -2.9179e+00,  1.4964e+00,  1.6030e+00, -3.5819e+00,  1.0260e-02,\n",
      "          2.5197e+00,  5.6585e-01,  7.5451e-02,  1.6937e+00,  1.8191e+00,\n",
      "         -3.9038e-02],\n",
      "        [-2.5272e-01,  8.4034e-01,  1.2961e-02, -1.0930e+00,  4.9241e+00,\n",
      "         -4.9126e-01, -5.9281e-01,  3.6145e-01, -6.9118e-01, -1.4831e+00,\n",
      "          3.6762e-01,  2.1324e+00, -1.9318e+00, -2.1399e+00,  8.8824e-01,\n",
      "         -8.4156e-01],\n",
      "        [-1.6761e+00,  1.5706e+00,  1.3979e+00, -2.9179e+00, -4.9126e-01,\n",
      "          8.7799e+00, -7.4868e-01, -3.9805e+00,  4.7179e+00,  2.5693e+00,\n",
      "         -2.6861e+00,  6.5033e-01, -2.2523e-02,  2.4344e+00, -1.1651e+00,\n",
      "          2.5690e+00],\n",
      "        [ 1.5084e+00,  1.5629e+00,  7.5842e-01,  1.4964e+00, -5.9281e-01,\n",
      "         -7.4868e-01,  4.1597e+00, -1.9790e+00, -2.5811e+00,  1.7752e+00,\n",
      "         -8.3244e-01,  3.9872e-01,  8.6776e-01,  1.6621e+00, -4.4527e-01,\n",
      "         -1.6180e+00],\n",
      "        [-1.3799e+00, -3.5443e+00,  2.6656e+00,  1.6030e+00,  3.6145e-01,\n",
      "         -3.9805e+00, -1.9790e+00,  1.0898e+01, -2.4907e+00, -2.6814e+00,\n",
      "         -7.7314e-01, -2.3547e+00,  1.1998e-02, -7.1605e-01,  2.5302e+00,\n",
      "          2.8763e+00],\n",
      "        [-5.7419e-01,  3.2278e+00, -2.4583e-01, -3.5819e+00, -6.9118e-01,\n",
      "          4.7179e+00, -2.5811e+00, -2.4907e+00,  7.5378e+00,  7.5857e-01,\n",
      "          5.3044e-01,  1.4626e+00, -9.2160e-01, -4.6425e-01, -1.0092e+00,\n",
      "          1.2602e+00],\n",
      "        [-4.3216e-02,  2.9954e+00,  8.6481e-01,  1.0260e-02, -1.4831e+00,\n",
      "          2.5693e+00,  1.7752e+00, -2.6814e+00,  7.5857e-01,  3.8013e+00,\n",
      "         -1.0901e+00,  5.8249e-01,  1.4895e+00,  3.1357e+00, -1.0094e+00,\n",
      "          1.0122e+00],\n",
      "        [ 1.6997e+00,  3.1033e-01, -7.9920e-01,  2.5197e+00,  3.6762e-01,\n",
      "         -2.6861e+00, -8.3244e-01, -7.7314e-01,  5.3044e-01, -1.0901e+00,\n",
      "          8.7498e+00,  1.7141e+00, -1.7960e+00, -3.3092e-01,  1.0041e+00,\n",
      "         -1.5178e+00],\n",
      "        [ 2.5782e+00,  2.8698e+00, -1.7183e+00,  5.6585e-01,  2.1324e+00,\n",
      "          6.5033e-01,  3.9872e-01, -2.3547e+00,  1.4626e+00,  5.8249e-01,\n",
      "          1.7141e+00,  6.1815e+00, -2.0420e+00,  2.1217e+00,  1.0337e-01,\n",
      "         -1.1382e+00],\n",
      "        [-2.3575e-01, -8.4483e-01,  4.2322e-01,  7.5451e-02, -1.9318e+00,\n",
      "         -2.2523e-02,  8.6776e-01,  1.1998e-02, -9.2160e-01,  1.4895e+00,\n",
      "         -1.7960e+00, -2.0420e+00,  3.3769e+00,  4.1476e-02, -1.4653e+00,\n",
      "         -7.9003e-01],\n",
      "        [ 1.2093e-01,  2.0412e+00,  3.0312e+00,  1.6937e+00, -2.1399e+00,\n",
      "          2.4344e+00,  1.6621e+00, -7.1605e-01, -4.6425e-01,  3.1357e+00,\n",
      "         -3.3092e-01,  2.1217e+00,  4.1476e-02,  1.1725e+01, -1.8415e+00,\n",
      "          2.3761e-01],\n",
      "        [ 8.5835e-02,  5.1449e-01, -1.4723e+00,  1.8191e+00,  8.8824e-01,\n",
      "         -1.1651e+00, -4.4527e-01,  2.5302e+00, -1.0092e+00, -1.0094e+00,\n",
      "          1.0041e+00,  1.0337e-01, -1.4653e+00, -1.8415e+00,  3.8405e+00,\n",
      "          2.7110e+00],\n",
      "        [-1.4866e+00,  6.2226e-01,  7.3420e-01, -3.9038e-02, -8.4156e-01,\n",
      "          2.5690e+00, -1.6180e+00,  2.8763e+00,  1.2602e+00,  1.0122e+00,\n",
      "         -1.5178e+00, -1.1382e+00, -7.9003e-01,  2.3761e-01,  2.7110e+00,\n",
      "          9.9246e+00]], grad_fn=<SelectBackward0>)\n"
     ]
    }
   ],
   "source": [
    "sample_C = C[4, 3]\n",
    "\n",
    "print(sample_C)"
   ]
  },
  {
   "cell_type": "code",
   "execution_count": 10,
   "id": "8bf891d6",
   "metadata": {},
   "outputs": [
    {
     "name": "stdout",
     "output_type": "stream",
     "text": [
      "tensor([[ 1.9858e+00,  0.0000e+00,  0.0000e+00,  0.0000e+00,  0.0000e+00,\n",
      "          0.0000e+00,  0.0000e+00,  0.0000e+00,  0.0000e+00,  0.0000e+00,\n",
      "          0.0000e+00,  0.0000e+00,  0.0000e+00,  0.0000e+00,  0.0000e+00,\n",
      "          0.0000e+00],\n",
      "        [ 3.9241e-01,  2.9107e+00,  0.0000e+00,  0.0000e+00,  0.0000e+00,\n",
      "          0.0000e+00,  0.0000e+00,  0.0000e+00,  0.0000e+00,  0.0000e+00,\n",
      "          0.0000e+00,  0.0000e+00,  0.0000e+00,  0.0000e+00,  0.0000e+00,\n",
      "          0.0000e+00],\n",
      "        [-9.6162e-01,  3.9694e-02,  2.8898e+00,  0.0000e+00,  0.0000e+00,\n",
      "          0.0000e+00,  0.0000e+00,  0.0000e+00,  0.0000e+00,  0.0000e+00,\n",
      "          0.0000e+00,  0.0000e+00,  0.0000e+00,  0.0000e+00,  0.0000e+00,\n",
      "          0.0000e+00],\n",
      "        [ 8.1925e-01, -5.7304e-01, -1.7218e-01,  1.8102e+00,  0.0000e+00,\n",
      "          0.0000e+00,  0.0000e+00,  0.0000e+00,  0.0000e+00,  0.0000e+00,\n",
      "          0.0000e+00,  0.0000e+00,  0.0000e+00,  0.0000e+00,  0.0000e+00,\n",
      "          0.0000e+00],\n",
      "        [-1.2726e-01,  3.0586e-01, -4.2064e-02, -4.5339e-01,  2.1464e+00,\n",
      "          0.0000e+00,  0.0000e+00,  0.0000e+00,  0.0000e+00,  0.0000e+00,\n",
      "          0.0000e+00,  0.0000e+00,  0.0000e+00,  0.0000e+00,  0.0000e+00,\n",
      "          0.0000e+00],\n",
      "        [-8.4405e-01,  6.5338e-01,  1.9390e-01, -1.0046e+00, -5.8043e-01,\n",
      "          2.5014e+00,  0.0000e+00,  0.0000e+00,  0.0000e+00,  0.0000e+00,\n",
      "          0.0000e+00,  0.0000e+00,  0.0000e+00,  0.0000e+00,  0.0000e+00,\n",
      "          0.0000e+00],\n",
      "        [ 7.5959e-01,  4.3455e-01,  5.0925e-01,  6.6888e-01, -1.4180e-01,\n",
      "          3.9762e-02,  1.6326e+00,  0.0000e+00,  0.0000e+00,  0.0000e+00,\n",
      "          0.0000e+00,  0.0000e+00,  0.0000e+00,  0.0000e+00,  0.0000e+00,\n",
      "          0.0000e+00],\n",
      "        [-6.9487e-01, -1.1240e+00,  7.0665e-01,  9.1141e-01,  4.9373e-01,\n",
      "         -1.1064e+00, -1.1137e+00,  2.2613e+00,  0.0000e+00,  0.0000e+00,\n",
      "          0.0000e+00,  0.0000e+00,  0.0000e+00,  0.0000e+00,  0.0000e+00,\n",
      "          0.0000e+00],\n",
      "        [-2.8915e-01,  1.1479e+00, -1.9705e-01, -1.5032e+00, -8.2413e-01,\n",
      "          7.0902e-01, -1.1635e+00,  1.5243e-03,  1.1412e+00,  0.0000e+00,\n",
      "          0.0000e+00,  0.0000e+00,  0.0000e+00,  0.0000e+00,  0.0000e+00,\n",
      "          0.0000e+00],\n",
      "        [-2.1762e-02,  1.0320e+00,  2.7785e-01,  3.6864e-01, -7.5599e-01,\n",
      "          7.0132e-01,  5.0234e-01, -1.5929e-01, -3.1466e-01,  1.0404e+00,\n",
      "          0.0000e+00,  0.0000e+00,  0.0000e+00,  0.0000e+00,  0.0000e+00,\n",
      "          0.0000e+00],\n",
      "        [ 8.5594e-01, -8.7773e-03,  8.3858e-03,  1.0026e+00,  4.3521e-01,\n",
      "         -2.7971e-01, -1.2745e+00, -1.3496e+00,  1.2030e+00, -1.0122e-01,\n",
      "          1.3568e+00,  0.0000e+00,  0.0000e+00,  0.0000e+00,  0.0000e+00,\n",
      "          0.0000e+00],\n",
      "        [ 1.2983e+00,  8.1091e-01, -1.7372e-01, -3.4810e-02,  9.4415e-01,\n",
      "          7.0484e-01, -4.4238e-01, -2.5014e-01,  5.1231e-01,  3.8253e-01,\n",
      "         -7.7128e-01,  1.0755e+00,  0.0000e+00,  0.0000e+00,  0.0000e+00,\n",
      "          0.0000e+00],\n",
      "        [-1.1872e-01, -2.7424e-01,  1.1072e-01,  1.9126e-02, -8.6174e-01,\n",
      "         -1.7829e-01,  5.4687e-01,  1.6047e-01, -4.7169e-01,  7.7670e-01,\n",
      "          1.2374e-01, -3.5729e-01,  1.0986e+00,  0.0000e+00,  0.0000e+00,\n",
      "          0.0000e+00],\n",
      "        [ 6.0895e-02,  6.9306e-01,  1.0597e+00,  1.2282e+00, -8.1189e-01,\n",
      "          1.0355e+00, -1.2423e-01, -1.5695e-01, -6.4377e-01,  1.6283e-01,\n",
      "         -4.0793e-01,  1.4903e+00, -1.5576e-01,  1.9964e+00,  0.0000e+00,\n",
      "          0.0000e+00],\n",
      "        [ 4.3224e-02,  1.7093e-01, -4.9744e-01,  9.9213e-01,  5.9185e-01,\n",
      "          7.8509e-02, -5.4017e-01,  6.1587e-01,  2.7718e-03, -6.2442e-01,\n",
      "         -1.3365e-01, -6.5820e-01, -3.5398e-01, -6.2644e-01,  4.3750e-01,\n",
      "          0.0000e+00],\n",
      "        [-7.4859e-01,  3.1470e-01,  6.4192e-04,  4.1691e-01, -3.9323e-01,\n",
      "          7.6836e-01, -9.5040e-01,  1.0238e+00, -5.8433e-01,  1.3242e-01,\n",
      "         -1.4379e-02, -4.6849e-01, -1.0842e+00, -6.9838e-01,  5.8850e-01,\n",
      "          1.9511e+00]], grad_fn=<LinalgCholeskyExBackward0>)\n",
      "tensor([[ 3.9435e+00,  7.7925e-01, -1.9096e+00,  1.6269e+00, -2.5272e-01,\n",
      "         -1.6761e+00,  1.5084e+00, -1.3799e+00, -5.7419e-01, -4.3216e-02,\n",
      "          1.6997e+00,  2.5782e+00, -2.3575e-01,  1.2093e-01,  8.5835e-02,\n",
      "         -1.4866e+00],\n",
      "        [ 7.7925e-01,  8.6263e+00, -2.6181e-01, -1.3465e+00,  8.4034e-01,\n",
      "          1.5706e+00,  1.5629e+00, -3.5443e+00,  3.2278e+00,  2.9954e+00,\n",
      "          3.1033e-01,  2.8698e+00, -8.4483e-01,  2.0412e+00,  5.1449e-01,\n",
      "          6.2226e-01],\n",
      "        [-1.9096e+00, -2.6181e-01,  9.2772e+00, -1.3081e+00,  1.2961e-02,\n",
      "          1.3979e+00,  7.5842e-01,  2.6656e+00, -2.4583e-01,  8.6481e-01,\n",
      "         -7.9920e-01, -1.7183e+00,  4.2322e-01,  3.0312e+00, -1.4723e+00,\n",
      "          7.3420e-01],\n",
      "        [ 1.6269e+00, -1.3465e+00, -1.3081e+00,  4.3061e+00, -1.0930e+00,\n",
      "         -2.9179e+00,  1.4964e+00,  1.6030e+00, -3.5819e+00,  1.0260e-02,\n",
      "          2.5197e+00,  5.6585e-01,  7.5451e-02,  1.6937e+00,  1.8191e+00,\n",
      "         -3.9038e-02],\n",
      "        [-2.5272e-01,  8.4034e-01,  1.2961e-02, -1.0930e+00,  4.9241e+00,\n",
      "         -4.9126e-01, -5.9281e-01,  3.6145e-01, -6.9118e-01, -1.4831e+00,\n",
      "          3.6761e-01,  2.1324e+00, -1.9318e+00, -2.1399e+00,  8.8824e-01,\n",
      "         -8.4156e-01],\n",
      "        [-1.6761e+00,  1.5706e+00,  1.3979e+00, -2.9179e+00, -4.9126e-01,\n",
      "          8.7799e+00, -7.4868e-01, -3.9805e+00,  4.7179e+00,  2.5693e+00,\n",
      "         -2.6861e+00,  6.5033e-01, -2.2523e-02,  2.4344e+00, -1.1651e+00,\n",
      "          2.5690e+00],\n",
      "        [ 1.5084e+00,  1.5629e+00,  7.5842e-01,  1.4964e+00, -5.9281e-01,\n",
      "         -7.4868e-01,  4.1597e+00, -1.9790e+00, -2.5811e+00,  1.7752e+00,\n",
      "         -8.3244e-01,  3.9871e-01,  8.6776e-01,  1.6621e+00, -4.4527e-01,\n",
      "         -1.6180e+00],\n",
      "        [-1.3799e+00, -3.5443e+00,  2.6656e+00,  1.6030e+00,  3.6145e-01,\n",
      "         -3.9805e+00, -1.9790e+00,  1.0898e+01, -2.4907e+00, -2.6814e+00,\n",
      "         -7.7314e-01, -2.3547e+00,  1.1998e-02, -7.1605e-01,  2.5302e+00,\n",
      "          2.8763e+00],\n",
      "        [-5.7419e-01,  3.2278e+00, -2.4583e-01, -3.5819e+00, -6.9118e-01,\n",
      "          4.7179e+00, -2.5811e+00, -2.4907e+00,  7.5378e+00,  7.5857e-01,\n",
      "          5.3044e-01,  1.4626e+00, -9.2160e-01, -4.6425e-01, -1.0092e+00,\n",
      "          1.2602e+00],\n",
      "        [-4.3216e-02,  2.9954e+00,  8.6481e-01,  1.0260e-02, -1.4831e+00,\n",
      "          2.5693e+00,  1.7752e+00, -2.6814e+00,  7.5857e-01,  3.8013e+00,\n",
      "         -1.0901e+00,  5.8249e-01,  1.4895e+00,  3.1357e+00, -1.0094e+00,\n",
      "          1.0122e+00],\n",
      "        [ 1.6997e+00,  3.1033e-01, -7.9920e-01,  2.5197e+00,  3.6761e-01,\n",
      "         -2.6861e+00, -8.3244e-01, -7.7314e-01,  5.3044e-01, -1.0901e+00,\n",
      "          8.7498e+00,  1.7141e+00, -1.7960e+00, -3.3092e-01,  1.0041e+00,\n",
      "         -1.5178e+00],\n",
      "        [ 2.5782e+00,  2.8698e+00, -1.7183e+00,  5.6585e-01,  2.1324e+00,\n",
      "          6.5033e-01,  3.9871e-01, -2.3547e+00,  1.4626e+00,  5.8249e-01,\n",
      "          1.7141e+00,  6.1815e+00, -2.0420e+00,  2.1217e+00,  1.0337e-01,\n",
      "         -1.1382e+00],\n",
      "        [-2.3575e-01, -8.4483e-01,  4.2322e-01,  7.5451e-02, -1.9318e+00,\n",
      "         -2.2523e-02,  8.6776e-01,  1.1998e-02, -9.2160e-01,  1.4895e+00,\n",
      "         -1.7960e+00, -2.0420e+00,  3.3769e+00,  4.1476e-02, -1.4653e+00,\n",
      "         -7.9003e-01],\n",
      "        [ 1.2093e-01,  2.0412e+00,  3.0312e+00,  1.6937e+00, -2.1399e+00,\n",
      "          2.4344e+00,  1.6621e+00, -7.1605e-01, -4.6425e-01,  3.1357e+00,\n",
      "         -3.3092e-01,  2.1217e+00,  4.1476e-02,  1.1725e+01, -1.8415e+00,\n",
      "          2.3761e-01],\n",
      "        [ 8.5835e-02,  5.1449e-01, -1.4723e+00,  1.8191e+00,  8.8824e-01,\n",
      "         -1.1651e+00, -4.4527e-01,  2.5302e+00, -1.0092e+00, -1.0094e+00,\n",
      "          1.0041e+00,  1.0337e-01, -1.4653e+00, -1.8415e+00,  3.8405e+00,\n",
      "          2.7110e+00],\n",
      "        [-1.4866e+00,  6.2226e-01,  7.3420e-01, -3.9038e-02, -8.4156e-01,\n",
      "          2.5690e+00, -1.6180e+00,  2.8763e+00,  1.2602e+00,  1.0122e+00,\n",
      "         -1.5178e+00, -1.1382e+00, -7.9003e-01,  2.3761e-01,  2.7110e+00,\n",
      "          9.9246e+00]], grad_fn=<MmBackward0>)\n"
     ]
    }
   ],
   "source": [
    "L = torch.linalg.cholesky(sample_C, upper=False)\n",
    "print(L)\n",
    "\n",
    "print(L @ L.T)"
   ]
  },
  {
   "cell_type": "code",
   "execution_count": 11,
   "id": "59d82c32",
   "metadata": {},
   "outputs": [
    {
     "name": "stdout",
     "output_type": "stream",
     "text": [
      "z shape: torch.Size([4]) => mu shape: torch.Size([16]), covar shape: torch.Size([16, 16])\n",
      "mvn loc: torch.Size([16]), covariance_matrix: torch.Size([16, 16])\n",
      "mvn batch_shape: torch.Size([]), event_shape: torch.Size([16])\n",
      "\n",
      "z shape: torch.Size([50, 4]) => mu shape: torch.Size([50, 16]), covar shape: torch.Size([50, 16, 16])\n",
      "mvn loc: torch.Size([50, 16]), covariance_matrix: torch.Size([50, 16, 16])\n",
      "mvn batch_shape: torch.Size([50]), event_shape: torch.Size([16])\n",
      "\n",
      "z shape: torch.Size([32, 50, 4]) => mu shape: torch.Size([32, 50, 16]), covar shape: torch.Size([32, 50, 16, 16])\n"
     ]
    },
    {
     "ename": "ValueError",
